0,note_on,29,F1,0.7874015748031497,9,4
0,note_on,31,G1,0.7874015748031497,4,13
0,note_on,33,A1,0.7874015748031497,4,17
0,note_on,35,B1,0.7874015748031497,8,21
0,note_on,29,F1,0.7874015748031497,5,29
0,note_on,19,G0,0.7874015748031497,0.27096354166666714,34
0,note_on,21,A0,0.7874015748031497,0.22024739583333286,34.25
0,note_on,23,B0,0.7874015748031497,0.1402994791666643,34.5
0,note_on,17,F0,0.7874015748031497,0.19121093750000284,34.75
0,note_on,19,G0,0.7874015748031497,0.08958333333333002,35.25
0,note_on,21,A0,0.7874015748031497,0.0823567708333357,35.5
0,note_on,17,F0,0.7874015748031497,0.15963541666666714,36.5
0,note_on,19,G0,0.7874015748031497,0.18867187499999716,37.25
0,note_on,23,B0,0.7874015748031497,0.21041666666666714,38.75
0,note_on,21,A0,0.7874015748031497,0.18144531250000284,39.5
0,note_on,17,F0,0.7874015748031497,0.15963541666666714,40.75
0,note_on,19,G0,0.7874015748031497,0.18860677083333144,41.5
0,note_on,23,B0,0.7874015748031497,0.15970052083333286,42.75
0,note_on,21,A0,0.7874015748031497,0.13782552083333144,43.25
0,note_on,19,G0,0.7874015748031497,0.18867187499999716,43.5
0,note_on,21,A0,0.7874015748031497,0.15963541666666714,43.75
0,note_on,19,G0,0.7874015748031497,0.18867187499999716,44
0,note_on,17,F0,0.7874015748031497,0.15963541666666714,44.75
0,note_on,19,G0,0.7874015748031497,0.13789062499999716,45.5
0,note_on,23,B0,0.7874015748031497,0.15963541666666714,46.75
0,note_on,21,A0,0.7874015748031497,0.15963541666666714,47.5
0,note_on,17,F0,0.7874015748031497,0.21041666666666714,48.75
0,note_on,19,G0,0.7874015748031497,0.18867187499999716,49.5
0,note_on,21,A0,0.7874015748031497,0.15963541666666714,50.25
0,note_on,19,G0,0.7874015748031497,0.15963541666666714,50.5
0,note_on,21,A0,0.7874015748031497,0.14283854166666998,50.75
0,note_on,19,G0,0.7874015748031497,0.07981770833333002,51
0,note_on,23,B0,0.7874015748031497,0.15963541666666714,51.25
0,note_on,17,F0,0.7874015748031497,0.15963541666666714,51.5
0,note_on,23,B0,0.7874015748031497,0.13066406250000284,51.75
0,note_on,19,G0,0.7874015748031497,0.10878906250000142,52
0,note_on,21,A0,0.7874015748031497,0.2974609374999986,52.5
0,note_on,19,G0,0.7874015748031497,0.26842447916666856,53
0,note_on,23,B0,0.7874015748031497,0.5660156249999986,53.75
0,note_on,17,F0,0.7874015748031497,0.3990885416666643,54.5
0,note_on,21,A0,0.7874015748031497,0.13059895833333002,55.25
0,note_on,19,G0,0.7874015748031497,0.15963541666666714,55.5
0,note_on,17,F0,0.7874015748031497,0.15963541666666714,55.75
0,note_on,23,B0,0.7874015748031497,0.15963541666666714,56
0,note_on,21,A0,0.7874015748031497,0.13059895833333002,56.75
0,note_on,19,G0,0.7874015748031497,0.13789062499999716,57.5
0,note_on,23,B0,0.7874015748031497,0.16692708333333428,58.75
0,note_on,17,F0,0.7874015748031497,0.15963541666666714,59.5
0,note_on,21,A0,0.7874015748031497,0.10878906250000142,60.75
0,note_on,19,G0,0.7874015748031497,0.15963541666666714,61.5
0,note_on,23,B0,0.7874015748031497,0.18144531250000284,62.75
0,note_on,17,F0,0.7874015748031497,0.21041666666666714,63.5
0,note_on,21,A0,0.7874015748031497,0.18867187499999716,64.75
0,note_on,19,G0,0.7874015748031497,0.13059895833333712,65.5
0,note_on,23,B0,0.7874015748031497,0.10885416666666003,66
0,note_on,17,F0,0.7874015748031497,0.18867187499999716,66.25
0,note_on,21,A0,0.7874015748031497,0.13059895833333712,66.5
0,note_on,19,G0,0.7874015748031497,0.15963541666666003,67
0,note_on,23,B0,0.7874015748031497,0.18867187499999716,67.25
0,note_on,17,F0,0.7874015748031497,0.15963541666666003,67.5
0,note_on,21,A0,0.7874015748031497,0.13789062499999716,67.75
0,note_on,19,G0,0.7874015748031497,0.15963541666666003,68
0,note_on,23,B0,0.7874015748031497,0.15963541666666003,68.25
0,note_on,17,F0,0.7874015748031497,0.18867187499999716,69
0,note_on,19,G0,0.7874015748031497,0.23945312499999716,70
0,note_on,21,A0,0.7874015748031497,0.15963541666666003,70.5
0,note_on,23,B0,0.7874015748031497,0.18860677083333144,71.25
0,note_on,17,F0,0.7874015748031497,0.15963541666666003,72
0,note_on,19,G0,0.7874015748031497,0.15963541666666003,73
0,note_on,21,A0,0.7874015748031497,0.13059895833333712,73.75
0,note_on,23,B0,0.7874015748031497,0.13782552083333144,74.25
0,note_on,17,F0,0.7874015748031497,0.18867187499999716,75.25
0,note_on,23,B0,0.7874015748031497,0.21041666666666003,76
0,note_on,21,A0,0.7874015748031497,0.10885416666666003,77
0,note_on,19,G0,0.7874015748031497,0.18867187499999716,77.75
0,note_on,17,F0,0.7874015748031497,0.18867187499999716,78.25
0,note_on,23,B0,0.7874015748031497,0.10885416666666003,79
0,note_on,19,G0,0.7874015748031497,0.18867187499999716,80.25
0,note_on,21,A0,0.7874015748031497,0.13066406250000284,81
0,note_on,17,F0,0.7874015748031497,0.18144531250000284,81.75
0,note_on,23,B0,0.7874015748031497,0.18860677083333144,82.25
0,note_on,19,G0,0.7874015748031497,0.18860677083333144,83
0,note_on,23,B0,0.7874015748031497,0.13059895833333712,84
0,note_on,17,F0,0.7874015748031497,0.18867187499999716,85
0,note_on,21,A0,0.7874015748031497,0.18138020833333712,85.75
0,note_on,19,G0,0.7874015748031497,0.15963541666666003,86.5
0,note_on,23,B0,0.7874015748031497,0.1015625,87.25
0,note_on,17,F0,0.7874015748031497,0.13059895833333712,87.5
0,note_on,21,A0,0.7874015748031497,0.1015625,87.75
0,note_on,19,G0,0.7874015748031497,0.23945312499999716,88
0,note_on,23,B0,0.7874015748031497,0.16692708333333428,88.25
0,note_on,17,F0,0.7874015748031497,0.23945312499999716,89
0,note_on,19,G0,0.7874015748031497,0.15963541666666003,89.75
0,note_on,21,A0,0.7874015748031497,0.13059895833333712,90.25
0,note_on,23,B0,0.7874015748031497,0.15963541666666003,91
0,note_on,17,F0,0.7874015748031497,0.18867187499999716,92
0,note_on,23,B0,0.7874015748031497,0.21048177083333997,93
0,note_on,21,A0,0.7874015748031497,0.15963541666666003,93.75
0,note_on,19,G0,0.7874015748031497,0.16686197916666856,94.25
0,note_on,17,F0,0.7874015748031497,0.15963541666666003,95
0,note_on,19,G0,0.7874015748031497,0.18867187499999716,96
0,note_on,21,A0,0.7874015748031497,0.15963541666666003,97
0,note_on,17,F0,0.7874015748031497,0.15963541666666003,97.75
0,note_on,23,B0,0.7874015748031497,0.21041666666666003,98.25
0,note_on,19,G0,0.7874015748031497,0.15963541666666003,99
0,note_on,23,B0,0.7874015748031497,0.13059895833333712,100.25
0,note_on,17,F0,0.7874015748031497,0.18867187499999716,100.5
0,note_on,23,B0,0.7874015748031497,0.13789062499999716,100.75
0,note_on,17,F0,0.7874015748031497,0.15963541666666003,101
0,note_on,23,B0,0.7874015748031497,0.13782552083333144,101.25
0,note_on,17,F0,0.7874015748031497,0.13059895833333712,101.5
0,note_on,23,B0,0.7874015748031497,0.13059895833333712,101.75
0,note_on,17,F0,0.7874015748031497,0.15963541666666003,102
0,note_on,23,B0,0.7874015748031497,0.18867187499999716,102.25
0,note_on,17,F0,0.7874015748031497,0.13059895833333712,102.5
0,note_on,23,B0,0.7874015748031497,0.15963541666666003,102.75
0,note_on,17,F0,0.7874015748031497,0.15963541666666003,103
0,note_on,23,B0,0.7874015748031497,0.13782552083333144,103.25
0,note_on,17,F0,0.7874015748031497,0.15963541666666003,103.5
0,note_on,23,B0,0.7874015748031497,0.07981770833333712,103.75
0,note_on,17,F0,0.7874015748031497,0.24667968750000568,104
0,note_on,21,A0,0.7874015748031497,0.13059895833333712,104.25
0,note_on,19,G0,0.7874015748031497,0.21048177083333997,104.5
0,note_on,21,A0,0.7874015748031497,0.13059895833333712,104.75
0,note_on,19,G0,0.7874015748031497,0.13782552083333144,105
0,note_on,21,A0,0.7874015748031497,0.13059895833333712,105.25
0,note_on,19,G0,0.7874015748031497,0.18138020833333712,105.5
0,note_on,21,A0,0.7874015748031497,0.13789062499999716,105.75
0,note_on,19,G0,0.7874015748031497,0.21764322916666856,106
0,note_on,21,A0,0.7874015748031497,0.15963541666666003,106.25
0,note_on,19,G0,0.7874015748031497,0.15963541666666003,106.5
0,note_on,21,A0,0.7874015748031497,0.15963541666666003,106.75
0,note_on,19,G0,0.7874015748031497,0.21770833333333428,107
0,note_on,21,A0,0.7874015748031497,0.15963541666666003,107.25
0,note_on,19,G0,0.7874015748031497,0.18867187499999716,107.5
0,note_on,21,A0,0.7874015748031497,0.13789062499999716,107.75
0,note_on,17,F0,0.7874015748031497,0.2467447916666714,108.25
0,note_on,23,B0,0.7874015748031497,0.15963541666666003,108.5
0,note_on,17,F0,0.7874015748031497,0.23945312499999716,108.75
0,note_on,23,B0,0.7874015748031497,0.23945312499999716,109
0,note_on,17,F0,0.7874015748031497,0.07981770833333712,109.25
0,note_on,23,B0,0.7874015748031497,0.15963541666666003,109.5
0,note_on,17,F0,0.7874015748031497,0.15963541666666003,109.75
0,note_on,23,B0,0.7874015748031497,0.15963541666666003,110
0,note_on,17,F0,0.7874015748031497,0.15963541666666003,110.25
0,note_on,23,B0,0.7874015748031497,0.13789062499999716,110.5
0,note_on,17,F0,0.7874015748031497,0.10885416666666003,110.75
0,note_on,23,B0,0.7874015748031497,0.13059895833333712,111
0,note_on,17,F0,0.7874015748031497,0.15963541666666003,111.25
0,note_on,23,B0,0.7874015748031497,0.13059895833333712,111.5
0,note_on,17,F0,0.7874015748031497,0.13059895833333712,111.75
0,note_on,23,B0,0.7874015748031497,0.15963541666666003,112
0,note_on,21,A0,0.7874015748031497,0.13782552083333144,112.25
0,note_on,19,G0,0.7874015748031497,0.15963541666666003,112.5
0,note_on,21,A0,0.7874015748031497,0.13789062499999716,112.75
0,note_on,19,G0,0.7874015748031497,0.15963541666666003,113
0,note_on,21,A0,0.7874015748031497,0.13782552083333144,113.25
0,note_on,19,G0,0.7874015748031497,0.15963541666666003,113.5
0,note_on,21,A0,0.7874015748031497,0.10878906249999432,113.75
0,note_on,19,G0,0.7874015748031497,0.15963541666666003,114
0,note_on,21,A0,0.7874015748031497,0.08704427083333144,114.25
0,note_on,19,G0,0.7874015748031497,0.21041666666666003,114.5
0,note_on,21,A0,0.7874015748031497,0.15963541666666003,114.75
0,note_on,19,G0,0.7874015748031497,0.15963541666666003,115
0,note_on,21,A0,0.7874015748031497,0.13782552083333144,115.25
0,note_on,19,G0,0.7874015748031497,0.18867187499999716,115.5
0,note_on,21,A0,0.7874015748031497,0.13059895833333712,115.75
0,note_on,17,F0,0.7874015748031497,0.21764322916666856,116
0,note_on,23,B0,0.7874015748031497,0.2684895833333343,116
0,note_on,19,G0,0.7874015748031497,0.2467447916666714,117
0,note_on,21,A0,0.7874015748031497,0.23945312499999716,117
0,note_on,17,F0,0.7874015748031497,0.18867187499999716,117.75
0,note_on,23,B0,0.7874015748031497,0.15963541666666003,117.75
0,note_on,19,G0,0.7874015748031497,0.21041666666666003,118.5
0,note_on,21,A0,0.7874015748031497,0.18138020833333712,118.5
0,note_on,21,A0,0.7874015748031497,0.13059895833333712,119.25
0,note_on,19,G0,0.7874015748031497,0.13059895833333712,119.5
0,note_on,21,A0,0.7874015748031497,0.13059895833333712,119.75
0,note_on,19,G0,0.7874015748031497,0.18138020833333712,120
0,note_on,23,B0,0.7874015748031497,0.15963541666666003,120.25
0,note_on,17,F0,0.7874015748031497,0.13059895833333712,120.5
0,note_on,23,B0,0.7874015748031497,0.07981770833333712,120.75
0,note_on,17,F0,0.7874015748031497,0.15963541666666003,121
0,note_on,23,B0,0.7874015748031497,0.13059895833333712,121.25
0,note_on,17,F0,0.7874015748031497,0.15963541666666003,121.5
0,note_on,23,B0,0.7874015748031497,0.15963541666666003,121.75
0,note_on,17,F0,0.7874015748031497,0.18138020833333712,122
0,note_on,23,B0,0.7874015748031497,0.15963541666666003,122.25
0,note_on,17,F0,0.7874015748031497,0.18867187499999716,122.5
0,note_on,23,B0,0.7874015748031497,0.13789062499999716,122.75
0,note_on,17,F0,0.7874015748031497,0.18867187499999716,123
0,note_on,23,B0,0.7874015748031497,0.13782552083333144,123.25
0,note_on,17,F0,0.7874015748031497,0.13059895833333712,123.5
0,note_on,23,B0,0.7874015748031497,0.18867187499999716,123.75
0,note_on,17,F0,0.7874015748031497,0.21048177083333997,124
0,note_on,21,A0,0.7874015748031497,0.23945312499999716,124.25
0,note_on,19,G0,0.7874015748031497,0.15963541666666003,124.5
0,note_on,21,A0,0.7874015748031497,0.13066406250000284,124.75
0,note_on,19,G0,0.7874015748031497,0.18860677083333144,125
0,note_on,21,A0,0.7874015748031497,0.10162760416666572,125.25
0,note_on,19,G0,0.7874015748031497,0.18860677083333144,125.5
0,note_on,21,A0,0.7874015748031497,0.13059895833333712,125.75
0,note_on,19,G0,0.7874015748031497,0.15963541666666003,126
0,note_on,21,A0,0.7874015748031497,0.13059895833333712,126.25
0,note_on,19,G0,0.7874015748031497,0.15963541666666003,126.5
0,note_on,21,A0,0.7874015748031497,0.15963541666666003,126.75
0,note_on,19,G0,0.7874015748031497,0.18867187499999716,127
0,note_on,21,A0,0.7874015748031497,0.13059895833333712,127.25
0,note_on,19,G0,0.7874015748031497,0.15963541666666003,127.5
0,note_on,21,A0,0.7874015748031497,0.13059895833333712,127.75
0,note_on,19,G0,0.7874015748031497,0.15963541666667425,128
0,note_on,23,B0,0.7874015748031497,0.15963541666667425,128.25
0,note_on,17,F0,0.7874015748031497,0.15963541666667425,128.5
0,note_on,23,B0,0.7874015748031497,0.13059895833333712,128.75
0,note_on,17,F0,0.7874015748031497,0.15963541666667425,129
0,note_on,23,B0,0.7874015748031497,0.15963541666667425,129.25
0,note_on,17,F0,0.7874015748031497,0.15963541666667425,129.5
0,note_on,23,B0,0.7874015748031497,0.13059895833333712,129.75
0,note_on,17,F0,0.7874015748031497,0.18867187500001137,130
0,note_on,23,B0,0.7874015748031497,0.13059895833333712,130.25
0,note_on,17,F0,0.7874015748031497,0.15963541666667425,130.5
0,note_on,23,B0,0.7874015748031497,0.15963541666667425,130.75
0,note_on,17,F0,0.7874015748031497,0.18867187500001137,131
0,note_on,23,B0,0.7874015748031497,0.13059895833333712,131.25
0,note_on,17,F0,0.7874015748031497,0.15963541666667425,131.5
0,note_on,23,B0,0.7874015748031497,0.13059895833333712,131.75
0,note_on,17,F0,0.7874015748031497,0.15963541666667425,132
0,note_on,21,A0,0.7874015748031497,0.13059895833333712,132.25
0,note_on,19,G0,0.7874015748031497,0.15963541666667425,132.5
0,note_on,21,A0,0.7874015748031497,0.13059895833333712,132.75
0,note_on,19,G0,0.7874015748031497,0.15963541666667425,133
0,note_on,21,A0,0.7874015748031497,0.13789062500001137,133.25
0,note_on,19,G0,0.7874015748031497,0.15963541666667425,133.5
0,note_on,21,A0,0.7874015748031497,0.10878906249999432,133.75
0,note_on,19,G0,0.7874015748031497,0.15963541666667425,134
0,note_on,21,A0,0.7874015748031497,0.07981770833333712,134.25
0,note_on,19,G0,0.7874015748031497,0.15963541666667425,134.5
0,note_on,21,A0,0.7874015748031497,0.13782552083333144,134.75
0,note_on,19,G0,0.7874015748031497,0.18144531249998863,135
0,note_on,21,A0,0.7874015748031497,0.13059895833333712,135.25
0,note_on,19,G0,0.7874015748031497,0.18860677083333144,135.5
0,note_on,21,A0,0.7874015748031497,0.15963541666667425,135.75
0,note_on,19,G0,0.7874015748031497,0.18867187500001137,136
0,note_on,23,B0,0.7874015748031497,0.13066406249998863,136.25
0,note_on,17,F0,0.7874015748031497,0.21048177083332575,136.5
0,note_on,23,B0,0.7874015748031497,0.13059895833333712,136.75
0,note_on,17,F0,0.7874015748031497,0.18867187500001137,137
0,note_on,23,B0,0.7874015748031497,0.15963541666667425,137.25
0,note_on,17,F0,0.7874015748031497,0.15963541666667425,137.5
0,note_on,23,B0,0.7874015748031497,0.10885416666667425,137.75
0,note_on,17,F0,0.7874015748031497,0.21041666666667425,138
0,note_on,23,B0,0.7874015748031497,0.13789062500001137,138.25
0,note_on,17,F0,0.7874015748031497,0.18867187500001137,138.5
0,note_on,23,B0,0.7874015748031497,0.07981770833333712,138.75
0,note_on,17,F0,0.7874015748031497,0.18867187500001137,139
0,note_on,23,B0,0.7874015748031497,0.13059895833333712,139.25
0,note_on,17,F0,0.7874015748031497,0.16692708333332007,139.5
0,note_on,23,B0,0.7874015748031497,0.15963541666667425,139.75
0,note_on,17,F0,0.7874015748031497,0.18867187500001137,140
0,note_on,21,A0,0.7874015748031497,0.15963541666667425,140.25
0,note_on,19,G0,0.7874015748031497,0.21041666666667425,140.5
0,note_on,21,A0,0.7874015748031497,0.13059895833333712,140.75
0,note_on,19,G0,0.7874015748031497,0.18138020833333712,141
0,note_on,21,A0,0.7874015748031497,0.1015625,141.25
0,note_on,19,G0,0.7874015748031497,0.21770833333332007,141.5
0,note_on,21,A0,0.7874015748031497,0.13059895833333712,141.75
0,note_on,19,G0,0.7874015748031497,0.21041666666667425,142
0,note_on,21,A0,0.7874015748031497,0.15963541666667425,142.25
0,note_on,19,G0,0.7874015748031497,0.21041666666667425,142.5
0,note_on,21,A0,0.7874015748031497,0.15963541666667425,142.75
0,note_on,19,G0,0.7874015748031497,0.18867187500001137,143
0,note_on,21,A0,0.7874015748031497,0.13059895833333712,143.25
0,note_on,19,G0,0.7874015748031497,0.23945312500001137,143.5
0,note_on,21,A0,0.7874015748031497,0.13059895833333712,143.75
0,note_on,19,G0,0.7874015748031497,0.18860677083333144,144
0,note_on,23,B0,0.7874015748031497,0.16686197916666856,144.25
0,note_on,17,F0,0.7874015748031497,0.18860677083333144,144.5
0,note_on,23,B0,0.7874015748031497,0.15963541666667425,144.75
0,note_on,17,F0,0.7874015748031497,0.16686197916666856,145
0,note_on,23,B0,0.7874015748031497,0.13782552083333144,145.25
0,note_on,17,F0,0.7874015748031497,0.18144531249998863,145.5
0,note_on,23,B0,0.7874015748031497,0.10878906249999432,145.75
0,note_on,17,F0,0.7874015748031497,0.18144531249998863,146
0,note_on,23,B0,0.7874015748031497,0.15970052083332575,146.25
0,note_on,17,F0,0.7874015748031497,0.13059895833333712,146.5
0,note_on,23,B0,0.7874015748031497,0.13059895833333712,146.75
0,note_on,17,F0,0.7874015748031497,0.18867187500001137,147
0,note_on,23,B0,0.7874015748031497,0.13059895833333712,147.25
0,note_on,17,F0,0.7874015748031497,0.15963541666667425,147.5
0,note_on,23,B0,0.7874015748031497,0.13782552083333144,147.75
0,note_on,19,G0,0.7874015748031497,0.21770833333332007,148.25
0,note_on,21,A0,0.7874015748031497,0.15963541666667425,148.25
0,note_on,17,F0,0.7874015748031497,0.18867187500001137,149
0,note_on,23,B0,0.7874015748031497,0.16692708333332007,149
0,note_on,19,G0,0.7874015748031497,0.18867187500001137,149.75
0,note_on,21,A0,0.7874015748031497,0.16692708333332007,149.75
0,note_on,17,F0,0.7874015748031497,0.15963541666667425,150.5
0,note_on,23,B0,0.7874015748031497,0.18138020833333712,150.5
0,note_on,21,A0,0.7874015748031497,0.15963541666667425,151.25
0,note_on,19,G0,0.7874015748031497,0.13789062500001137,151.5
0,note_on,21,A0,0.7874015748031497,0.13789062500001137,151.75
0,note_on,19,G0,0.7874015748031497,0.13789062500001137,152
0,note_on,23,B0,0.7874015748031497,0.18138020833333712,152.25
0,note_on,17,F0,0.7874015748031497,0.15963541666667425,152.5
0,note_on,23,B0,0.7874015748031497,0.15963541666667425,152.75
0,note_on,17,F0,0.7874015748031497,0.15963541666667425,153
0,note_on,23,B0,0.7874015748031497,0.18867187500001137,153.25
0,note_on,17,F0,0.7874015748031497,0.15963541666667425,153.5
0,note_on,23,B0,0.7874015748031497,0.13059895833333712,153.75
0,note_on,17,F0,0.7874015748031497,0.23945312500001137,154
0,note_on,23,B0,0.7874015748031497,0.13789062500001137,154.25
0,note_on,17,F0,0.7874015748031497,0.21041666666667425,154.5
0,note_on,23,B0,0.7874015748031497,0.10885416666667425,154.75
0,note_on,17,F0,0.7874015748031497,0.13782552083333144,155
0,note_on,23,B0,0.7874015748031497,0.13066406249998863,155.25
0,note_on,17,F0,0.7874015748031497,0.18867187500001137,155.5
0,note_on,23,B0,0.7874015748031497,0.13066406249998863,155.75
0,note_on,17,F0,0.7874015748031497,0.18867187500001137,156
0,note_on,21,A0,0.7874015748031497,0.13066406249998863,156.25
0,note_on,19,G0,0.7874015748031497,0.15963541666667425,156.5
0,note_on,21,A0,0.7874015748031497,0.13066406249998863,156.75
0,note_on,19,G0,0.7874015748031497,0.18144531249998863,157
0,note_on,21,A0,0.7874015748031497,0.13059895833333712,157.25
0,note_on,19,G0,0.7874015748031497,0.21048177083332575,157.5
0,note_on,21,A0,0.7874015748031497,0.15963541666667425,157.75
0,note_on,19,G0,0.7874015748031497,0.18867187500001137,158
0,note_on,21,A0,0.7874015748031497,0.15963541666667425,158.25
0,note_on,19,G0,0.7874015748031497,0.13782552083333144,158.5
0,note_on,21,A0,0.7874015748031497,0.15963541666667425,158.75
0,note_on,19,G0,0.7874015748031497,0.1015625,159
0,note_on,21,A0,0.7874015748031497,0.13789062500001137,159.25
0,note_on,19,G0,0.7874015748031497,0.18867187500001137,159.5
0,note_on,21,A0,0.7874015748031497,0.15963541666667425,159.75
0,note_on,19,G0,0.7874015748031497,0.16692708333332007,160
0,note_on,23,B0,0.7874015748031497,0.15963541666667425,160.25
0,note_on,17,F0,0.7874015748031497,0.26848958333332007,160.5
0,note_on,23,B0,0.7874015748031497,0.18867187500001137,160.75
0,note_on,17,F0,0.7874015748031497,0.15963541666667425,161
0,note_on,23,B0,0.7874015748031497,0.21041666666667425,161.25
0,note_on,17,F0,0.7874015748031497,0.21041666666667425,161.5
0,note_on,23,B0,0.7874015748031497,0.18138020833333712,161.75
0,note_on,17,F0,0.7874015748031497,0.18867187500001137,162
0,note_on,23,B0,0.7874015748031497,0.15963541666667425,162.25
0,note_on,17,F0,0.7874015748031497,0.18867187500001137,162.5
0,note_on,23,B0,0.7874015748031497,0.13789062500001137,162.75
0,note_on,17,F0,0.7874015748031497,0.15963541666667425,163
0,note_on,23,B0,0.7874015748031497,0.15963541666667425,163.25
0,note_on,17,F0,0.7874015748031497,0.18867187500001137,163.5
0,note_on,23,B0,0.7874015748031497,0.15963541666667425,163.75
0,note_on,17,F0,0.7874015748031497,0.15963541666667425,164
0,note_on,21,A0,0.7874015748031497,0.13782552083333144,164.25
0,note_on,19,G0,0.7874015748031497,0.21041666666667425,164.5
0,note_on,21,A0,0.7874015748031497,0.13059895833333712,164.75
0,note_on,19,G0,0.7874015748031497,0.21041666666667425,165
0,note_on,21,A0,0.7874015748031497,0.13059895833333712,165.25
0,note_on,19,G0,0.7874015748031497,0.18860677083333144,165.5
0,note_on,21,A0,0.7874015748031497,0.15963541666667425,165.75
0,note_on,19,G0,0.7874015748031497,0.21041666666667425,166
0,note_on,21,A0,0.7874015748031497,0.13066406249998863,166.25
0,note_on,19,G0,0.7874015748031497,0.18867187500001137,166.5
0,note_on,21,A0,0.7874015748031497,0.13059895833333712,166.75
0,note_on,19,G0,0.7874015748031497,0.18860677083333144,167
0,note_on,21,A0,0.7874015748031497,0.15963541666667425,167.25
0,note_on,19,G0,0.7874015748031497,0.21764322916666856,167.5
0,note_on,21,A0,0.7874015748031497,0.13782552083333144,167.75
0,note_on,19,G0,0.7874015748031497,0.18144531249998863,168
0,note_on,23,B0,0.7874015748031497,0.13059895833333712,168.25
0,note_on,17,F0,0.7874015748031497,0.18867187500001137,168.5
0,note_on,23,B0,0.7874015748031497,0.15963541666667425,168.75
0,note_on,17,F0,0.7874015748031497,0.15963541666667425,169
0,note_on,23,B0,0.7874015748031497,0.13789062500001137,169.25
0,note_on,17,F0,0.7874015748031497,0.08710937500001137,169.5
0,note_on,23,B0,0.7874015748031497,0.21770833333332007,169.75
0,note_on,17,F0,0.7874015748031497,0.15963541666667425,170
0,note_on,23,B0,0.7874015748031497,0.15963541666667425,170.25
0,note_on,17,F0,0.7874015748031497,0.18867187500001137,170.5
0,note_on,23,B0,0.7874015748031497,0.15963541666667425,170.75
0,note_on,17,F0,0.7874015748031497,0.18867187500001137,171
0,note_on,23,B0,0.7874015748031497,0.13059895833333712,171.25
0,note_on,17,F0,0.7874015748031497,0.15963541666667425,171.5
0,note_on,23,B0,0.7874015748031497,0.13059895833333712,171.75
0,note_on,17,F0,0.7874015748031497,0.21041666666667425,172
0,note_on,21,A0,0.7874015748031497,0.13059895833333712,172.25
0,note_on,19,G0,0.7874015748031497,0.18867187500001137,172.5
0,note_on,21,A0,0.7874015748031497,0.15963541666667425,172.75
0,note_on,19,G0,0.7874015748031497,0.16692708333332007,173
0,note_on,21,A0,0.7874015748031497,0.1015625,173.25
0,note_on,19,G0,0.7874015748031497,0.18138020833333712,173.5
0,note_on,21,A0,0.7874015748031497,0.13059895833333712,173.75
0,note_on,19,G0,0.7874015748031497,0.18138020833333712,174
0,note_on,21,A0,0.7874015748031497,0.13789062500001137,174.25
0,note_on,19,G0,0.7874015748031497,0.18138020833333712,174.5
0,note_on,21,A0,0.7874015748031497,0.13059895833333712,174.75
0,note_on,19,G0,0.7874015748031497,0.18860677083333144,175
0,note_on,21,A0,0.7874015748031497,0.13059895833333712,175.25
0,note_on,19,G0,0.7874015748031497,0.18144531249998863,175.5
0,note_on,21,A0,0.7874015748031497,0.13782552083333144,175.75
0,note_on,19,G0,0.7874015748031497,0.21041666666667425,176
0,note_on,23,B0,0.7874015748031497,0.15963541666667425,176.25
0,note_on,17,F0,0.7874015748031497,0.18867187500001137,176.5
0,note_on,23,B0,0.7874015748031497,0.13066406249998863,176.75
0,note_on,17,F0,0.7874015748031497,0.18860677083333144,177
0,note_on,23,B0,0.7874015748031497,0.10885416666667425,177.25
0,note_on,17,F0,0.7874015748031497,0.18860677083333144,177.5
0,note_on,23,B0,0.7874015748031497,0.18867187500001137,177.75
0,note_on,17,F0,0.7874015748031497,0.21048177083332575,178
0,note_on,23,B0,0.7874015748031497,0.10885416666667425,178.25
0,note_on,17,F0,0.7874015748031497,0.18860677083333144,178.5
0,note_on,23,B0,0.7874015748031497,0.13066406249998863,178.75
0,note_on,17,F0,0.7874015748031497,0.21764322916666856,179
0,note_on,23,B0,0.7874015748031497,0.13782552083333144,179.25
0,note_on,17,F0,0.7874015748031497,0.18867187500001137,179.5
0,note_on,23,B0,0.7874015748031497,0.13789062500001137,179.75
0,note_on,19,G0,0.7874015748031497,0.21041666666667425,180.25
0,note_on,21,A0,0.7874015748031497,0.23945312500001137,180.25
0,note_on,17,F0,0.7874015748031497,0.23945312500001137,181
0,note_on,23,B0,0.7874015748031497,0.21041666666667425,181
0,note_on,19,G0,0.7874015748031497,0.18138020833333712,181.75
0,note_on,21,A0,0.7874015748031497,0.15963541666667425,181.75
0,note_on,17,F0,0.7874015748031497,0.21041666666667425,182.5
0,note_on,23,B0,0.7874015748031497,0.15963541666667425,182.5
0,note_on,21,A0,0.7874015748031497,0.15963541666667425,183.25
0,note_on,19,G0,0.7874015748031497,0.18138020833333712,183.5
0,note_on,21,A0,0.7874015748031497,0.13059895833333712,183.75
0,note_on,19,G0,0.7874015748031497,0.15963541666667425,184
0,note_on,23,B0,0.7874015748031497,0.18867187500001137,184.25
0,note_on,17,F0,0.7874015748031497,0.13789062500001137,184.5
0,note_on,23,B0,0.7874015748031497,0.15963541666667425,184.75
0,note_on,17,F0,0.7874015748031497,0.15963541666667425,185
0,note_on,23,B0,0.7874015748031497,0.16686197916666856,185.25
0,note_on,17,F0,0.7874015748031497,0.21764322916666856,185.5
0,note_on,23,B0,0.7874015748031497,0.15963541666667425,185.75
0,note_on,17,F0,0.7874015748031497,0.16686197916666856,186
0,note_on,23,B0,0.7874015748031497,0.21041666666667425,186.25
0,note_on,17,F0,0.7874015748031497,0.18867187500001137,186.5
0,note_on,23,B0,0.7874015748031497,0.15970052083332575,186.75
0,note_on,17,F0,0.7874015748031497,0.21048177083332575,187
0,note_on,23,B0,0.7874015748031497,0.13066406249998863,187.25
0,note_on,17,F0,0.7874015748031497,0.21041666666667425,187.5
0,note_on,23,B0,0.7874015748031497,0.13066406249998863,187.75
0,note_on,17,F0,0.7874015748031497,0.21048177083332575,188
0,note_on,23,B0,0.7874015748031497,0.15963541666667425,188.25
0,note_on,19,G0,0.7874015748031497,0.18867187500001137,204
0,note_on,21,A0,0.7874015748031497,0.18138020833333712,204
0,note_on,17,F0,0.7874015748031497,0.21770833333332007,205
0,note_on,23,B0,0.7874015748031497,0.15963541666667425,205
0,note_on,19,G0,0.7874015748031497,0.18867187500001137,206
0,note_on,21,A0,0.7874015748031497,0.13059895833333712,206
0,note_on,17,F0,0.7874015748031497,0.18860677083333144,207
0,note_on,23,B0,0.7874015748031497,0.21770833333332007,207
0,note_on,17,F0,0.7874015748031497,0.18144531249998863,208
0,note_on,21,A0,0.7874015748031497,0.13782552083333144,208
0,note_on,19,G0,0.7874015748031497,0.15963541666667425,209
0,note_on,23,B0,0.7874015748031497,0.16686197916666856,209
0,note_on,17,F0,0.7874015748031497,0.21048177083332575,210
0,note_on,21,A0,0.7874015748031497,0.15963541666667425,210
0,note_on,19,G0,0.7874015748031497,0.18867187500001137,211
0,note_on,23,B0,0.7874015748031497,0.15963541666667425,211
0,note_on,17,F0,0.7874015748031497,0.18867187500001137,212
0,note_on,23,B0,0.7874015748031497,0.15963541666667425,212
0,note_on,19,G0,0.7874015748031497,0.15963541666667425,213
0,note_on,21,A0,0.7874015748031497,0.21041666666667425,213
0,note_on,17,F0,0.7874015748031497,0.13059895833333712,214
0,note_on,23,B0,0.7874015748031497,0.15963541666667425,214
0,note_on,19,G0,0.7874015748031497,0.18138020833333712,215
0,note_on,21,A0,0.7874015748031497,0.13789062500001137,215
0,note_on,17,F0,0.7874015748031497,0.13059895833333712,216
0,note_on,19,G0,0.7874015748031497,0.10885416666667425,216
0,note_on,21,A0,0.7874015748031497,0.13059895833333712,217
0,note_on,23,B0,0.7874015748031497,0.18138020833333712,217
0,note_on,17,F0,0.7874015748031497,0.13066406249998863,218
0,note_on,19,G0,0.7874015748031497,0.15963541666667425,218
0,note_on,21,A0,0.7874015748031497,0.10885416666667425,219
0,note_on,23,B0,0.7874015748031497,0.18867187500001137,219
0,note_on,17,F0,0.7874015748031497,0.15970052083332575,220
0,note_on,23,B0,0.7874015748031497,0.15963541666667425,220
0,note_on,19,G0,0.7874015748031497,0.18867187500001137,221
0,note_on,21,A0,0.7874015748031497,0.18138020833333712,221
0,note_on,17,F0,0.7874015748031497,0.18867187500001137,222
0,note_on,23,B0,0.7874015748031497,0.18867187500001137,222
0,note_on,19,G0,0.7874015748031497,0.13789062500001137,223
0,note_on,21,A0,0.7874015748031497,0.13789062500001137,223
0,note_on,17,F0,0.7874015748031497,0.15963541666667425,224
0,note_on,21,A0,0.7874015748031497,0.16692708333332007,224
0,note_on,19,G0,0.7874015748031497,0.15963541666667425,225
0,note_on,23,B0,0.7874015748031497,0.18867187500001137,225
0,note_on,17,F0,0.7874015748031497,0.21770833333332007,226
0,note_on,21,A0,0.7874015748031497,0.21041666666667425,226
0,note_on,19,G0,0.7874015748031497,0.15963541666667425,227
0,note_on,23,B0,0.7874015748031497,0.18144531249998863,227
0,note_on,17,F0,0.7874015748031497,0.15963541666667425,228
0,note_on,19,G0,0.7874015748031497,0.15963541666667425,228
0,note_on,21,A0,0.7874015748031497,0.13782552083333144,229
0,note_on,23,B0,0.7874015748031497,0.18860677083333144,229
0,note_on,17,F0,0.7874015748031497,0.15963541666667425,230
0,note_on,19,G0,0.7874015748031497,0.10885416666667425,230
0,note_on,21,A0,0.7874015748031497,0.05078125,231
0,note_on,23,B0,0.7874015748031497,0.13059895833333712,231
0,note_on,17,F0,0.7874015748031497,0.15963541666667425,232
0,note_on,23,B0,0.7874015748031497,0.15963541666667425,232
0,note_on,19,G0,0.7874015748031497,0.15963541666667425,233
0,note_on,21,A0,0.7874015748031497,0.18867187500001137,233
0,note_on,17,F0,0.7874015748031497,0.15963541666667425,234
0,note_on,23,B0,0.7874015748031497,0.18867187500001137,234
0,note_on,19,G0,0.7874015748031497,0.18867187500001137,235
0,note_on,21,A0,0.7874015748031497,0.16692708333332007,235
0,note_on,17,F0,0.7874015748031497,0.15963541666667425,236
0,note_on,21,A0,0.7874015748031497,0.15963541666667425,236
0,note_on,19,G0,0.7874015748031497,0.15963541666667425,237
0,note_on,23,B0,0.7874015748031497,0.15963541666667425,237
0,note_on,17,F0,0.7874015748031497,0.18144531249998863,238
0,note_on,21,A0,0.7874015748031497,0.18867187500001137,238
0,note_on,19,G0,0.7874015748031497,0.21048177083332575,239
0,note_on,23,B0,0.7874015748031497,0.13782552083333144,239
0,note_on,19,G0,0.7874015748031497,0.15963541666667425,240
0,note_on,21,A0,0.7874015748031497,0.18144531249998863,240
0,note_on,17,F0,0.7874015748031497,0.18867187500001137,241
0,note_on,23,B0,0.7874015748031497,0.15963541666667425,241
0,note_on,19,G0,0.7874015748031497,0.18867187500001137,242
0,note_on,21,A0,0.7874015748031497,0.15963541666667425,242
0,note_on,17,F0,0.7874015748031497,0.15963541666667425,243
0,note_on,23,B0,0.7874015748031497,0.07981770833333712,243
0,note_on,17,F0,0.7874015748031497,0.1015625,244
0,note_on,19,G0,0.7874015748031497,0.15963541666667425,244
0,note_on,21,A0,0.7874015748031497,0.13789062500001137,245
0,note_on,23,B0,0.7874015748031497,0.15963541666667425,245
0,note_on,17,F0,0.7874015748031497,0.15963541666667425,246
0,note_on,19,G0,0.7874015748031497,0.18867187500001137,246
0,note_on,21,A0,0.7874015748031497,0.10885416666667425,247
0,note_on,23,B0,0.7874015748031497,0.13789062500001137,247
0,note_on,17,F0,0.7874015748031497,0.13789062500001137,248
0,note_on,23,B0,0.7874015748031497,0.16686197916666856,248
0,note_on,19,G0,0.7874015748031497,0.18860677083333144,249
0,note_on,21,A0,0.7874015748031497,0.18867187500001137,249
0,note_on,17,F0,0.7874015748031497,0.18867187500001137,250
0,note_on,23,B0,0.7874015748031497,0.13066406249998863,250
0,note_on,19,G0,0.7874015748031497,0.18144531249998863,251
0,note_on,21,A0,0.7874015748031497,0.21764322916666856,251
0,note_on,17,F0,0.7874015748031497,0.21041666666667425,252
0,note_on,19,G0,0.7874015748031497,0.18867187500001137,252
0,note_on,21,A0,0.7874015748031497,0.10885416666667425,253
0,note_on,23,B0,0.7874015748031497,0.13789062500001137,253
0,note_on,17,F0,0.7874015748031497,0.13059895833333712,254
0,note_on,19,G0,0.7874015748031497,0.18867187500001137,254
0,note_on,21,A0,0.7874015748031497,0.13059895833333712,255
0,note_on,23,B0,0.7874015748031497,0.15963541666667425,255
0,note_on,17,F0,0.7874015748031497,0.18138020833333712,256
0,note_on,21,A0,0.7874015748031497,0.18867187500001137,256
0,note_on,19,G0,0.7874015748031497,0.18138020833333712,257
0,note_on,23,B0,0.7874015748031497,0.15963541666667425,257
0,note_on,17,F0,0.7874015748031497,0.13059895833333712,258
0,note_on,21,A0,0.7874015748031497,0.13059895833333712,258
0,note_on,19,G0,0.7874015748031497,0.16686197916664014,259
0,note_on,23,B0,0.7874015748031497,0.13059895833333712,259
0,note_on,17,F0,0.7874015748031497,0.15963541666667425,260
0,note_on,19,G0,0.7874015748031497,0.18867187500001137,260
0,note_on,21,A0,0.7874015748031497,0.10885416666667425,261
0,note_on,23,B0,0.7874015748031497,0.16686197916664014,261
0,note_on,17,F0,0.7874015748031497,0.18860677083335986,262
0,note_on,19,G0,0.7874015748031497,0.15963541666667425,262
0,note_on,21,A0,0.7874015748031497,0.13059895833333712,263
0,note_on,23,B0,0.7874015748031497,0.16686197916664014,263
0,note_on,17,F0,0.7874015748031497,0.18138020833333712,264
0,note_on,23,B0,0.7874015748031497,0.13059895833333712,264
0,note_on,19,G0,0.7874015748031497,0.18867187500001137,265
0,note_on,21,A0,0.7874015748031497,0.13059895833333712,265
0,note_on,17,F0,0.7874015748031497,0.15963541666667425,266
0,note_on,23,B0,0.7874015748031497,0.15963541666667425,266
0,note_on,19,G0,0.7874015748031497,0.15963541666667425,267
0,note_on,21,A0,0.7874015748031497,0.15963541666667425,267
0,note_on,21,A0,0.7874015748031497,0.12766927083333712,268
0,note_on,17,F0,0.7874015748031497,0.14511718749997726,268.25
0,note_on,21,A0,0.7874015748031497,0.15097656249997726,268.5
0,note_on,17,F0,0.7874015748031497,0.15091145833332575,268.75
0,note_on,21,A0,0.7874015748031497,0.15097656249997726,269
0,note_on,17,F0,0.7874015748031497,0.16835937500002274,269.25
0,note_on,21,A0,0.7874015748031497,0.15091145833332575,269.5
0,note_on,17,F0,0.7874015748031497,0.15091145833332575,269.75
0,note_on,23,B0,0.7874015748031497,0.16835937500002274,270
0,note_on,19,G0,0.7874015748031497,0.12766927083333712,270.25
0,note_on,23,B0,0.7874015748031497,0.16835937500002274,270.5
0,note_on,19,G0,0.7874015748031497,0.16835937500002274,270.75
0,note_on,23,B0,0.7874015748031497,0.14511718749997726,271
0,note_on,19,G0,0.7874015748031497,0.11028645833334849,271.25
0,note_on,23,B0,0.7874015748031497,0.16835937500002274,271.5
0,note_on,19,G0,0.7874015748031497,0.17415364583331439,271.75
0,note_on,21,A0,0.7874015748031497,0.15091145833332575,272
0,note_on,17,F0,0.7874015748031497,0.17415364583331439,272.25
0,note_on,21,A0,0.7874015748031497,0.15091145833332575,272.5
0,note_on,17,F0,0.7874015748031497,0.12773437499998863,272.75
0,note_on,21,A0,0.7874015748031497,0.25,273
0,note_on,17,F0,0.7874015748031497,0.17415364583331439,273.25
0,note_on,21,A0,0.7874015748031497,0.12773437499998863,273.5
0,note_on,17,F0,0.7874015748031497,0.17415364583331439,273.75
0,note_on,23,B0,0.7874015748031497,0.14511718749997726,274
0,note_on,19,G0,0.7874015748031497,0.12773437499998863,274.25
0,note_on,23,B0,0.7874015748031497,0.17415364583331439,274.5
0,note_on,19,G0,0.7874015748031497,0.17415364583331439,274.75
0,note_on,23,B0,0.7874015748031497,0.17408854166666288,275
0,note_on,19,G0,0.7874015748031497,0.16835937500002274,275.25
0,note_on,23,B0,0.7874015748031497,0.17408854166666288,275.5
0,note_on,19,G0,0.7874015748031497,0.19153645833335986,275.75
0,note_on,21,A0,0.7874015748031497,0.15091145833332575,276
0,note_on,17,F0,0.7874015748031497,0.17415364583331439,276.25
0,note_on,21,A0,0.7874015748031497,0.15091145833332575,276.5
0,note_on,17,F0,0.7874015748031497,0.12773437499998863,276.75
0,note_on,21,A0,0.7874015748031497,0.25,277
0,note_on,17,F0,0.7874015748031497,0.17415364583331439,277.25
0,note_on,21,A0,0.7874015748031497,0.12773437499998863,277.5
0,note_on,17,F0,0.7874015748031497,0.17415364583331439,277.75
0,note_on,23,B0,0.7874015748031497,0.14511718749997726,278
0,note_on,19,G0,0.7874015748031497,0.12773437499998863,278.25
0,note_on,23,B0,0.7874015748031497,0.17415364583331439,278.5
0,note_on,19,G0,0.7874015748031497,0.17415364583331439,278.75
0,note_on,23,B0,0.7874015748031497,0.17408854166666288,279
0,note_on,19,G0,0.7874015748031497,0.16835937500002274,279.25
0,note_on,23,B0,0.7874015748031497,0.17408854166666288,279.5
0,note_on,19,G0,0.7874015748031497,0.19153645833335986,279.75
0,note_on,21,A0,0.7874015748031497,0.15091145833332575,280
0,note_on,17,F0,0.7874015748031497,0.17415364583331439,280.25
0,note_on,21,A0,0.7874015748031497,0.15091145833332575,280.5
0,note_on,17,F0,0.7874015748031497,0.12773437499998863,280.75
0,note_on,21,A0,0.7874015748031497,0.25,281
0,note_on,17,F0,0.7874015748031497,0.17415364583331439,281.25
0,note_on,21,A0,0.7874015748031497,0.12773437499998863,281.5
0,note_on,17,F0,0.7874015748031497,0.17415364583331439,281.75
0,note_on,23,B0,0.7874015748031497,0.14511718749997726,282
0,note_on,19,G0,0.7874015748031497,0.12773437499998863,282.25
0,note_on,23,B0,0.7874015748031497,0.17415364583331439,282.5
0,note_on,19,G0,0.7874015748031497,0.17415364583331439,282.75
0,note_on,23,B0,0.7874015748031497,0.17408854166666288,283
0,note_on,19,G0,0.7874015748031497,0.16835937500002274,283.25
0,note_on,23,B0,0.7874015748031497,0.17408854166666288,283.5
0,note_on,19,G0,0.7874015748031497,0.19153645833335986,283.75
0,note_on,21,A0,0.7874015748031497,0.15091145833332575,284
0,note_on,17,F0,0.7874015748031497,0.17415364583331439,284.25
0,note_on,21,A0,0.7874015748031497,0.15091145833332575,284.5
0,note_on,17,F0,0.7874015748031497,0.12773437499998863,284.75
0,note_on,21,A0,0.7874015748031497,0.25,285
0,note_on,17,F0,0.7874015748031497,0.17415364583331439,285.25
0,note_on,21,A0,0.7874015748031497,0.12773437499998863,285.5
0,note_on,17,F0,0.7874015748031497,0.17415364583331439,285.75
0,note_on,23,B0,0.7874015748031497,0.14511718749997726,286
0,note_on,19,G0,0.7874015748031497,0.12773437499998863,286.25
0,note_on,23,B0,0.7874015748031497,0.17415364583331439,286.5
0,note_on,19,G0,0.7874015748031497,0.17415364583331439,286.75
0,note_on,23,B0,0.7874015748031497,0.17408854166666288,287
0,note_on,19,G0,0.7874015748031497,0.16835937500002274,287.25
0,note_on,23,B0,0.7874015748031497,0.17408854166666288,287.5
0,note_on,19,G0,0.7874015748031497,0.19153645833335986,287.75
0,note_on,21,A0,0.7874015748031497,0.15091145833332575,288
0,note_on,17,F0,0.7874015748031497,0.17415364583331439,288.25
0,note_on,21,A0,0.7874015748031497,0.15091145833332575,288.5
0,note_on,17,F0,0.7874015748031497,0.12773437499998863,288.75
0,note_on,21,A0,0.7874015748031497,0.25,289
0,note_on,17,F0,0.7874015748031497,0.17415364583331439,289.25
0,note_on,21,A0,0.7874015748031497,0.12773437499998863,289.5
0,note_on,17,F0,0.7874015748031497,0.17415364583331439,289.75
0,note_on,23,B0,0.7874015748031497,0.14511718749997726,290
0,note_on,19,G0,0.7874015748031497,0.12773437499998863,290.25
0,note_on,23,B0,0.7874015748031497,0.17415364583331439,290.5
0,note_on,19,G0,0.7874015748031497,0.17415364583331439,290.75
0,note_on,23,B0,0.7874015748031497,0.17408854166666288,291
0,note_on,19,G0,0.7874015748031497,0.16835937500002274,291.25
0,note_on,23,B0,0.7874015748031497,0.17408854166666288,291.5
0,note_on,19,G0,0.7874015748031497,0.19153645833335986,291.75
0,note_on,21,A0,0.7874015748031497,0.15091145833332575,292
0,note_on,17,F0,0.7874015748031497,0.17415364583331439,292.25
0,note_on,21,A0,0.7874015748031497,0.15091145833332575,292.5
0,note_on,17,F0,0.7874015748031497,0.12773437499998863,292.75
0,note_on,21,A0,0.7874015748031497,0.25,293
0,note_on,17,F0,0.7874015748031497,0.17415364583331439,293.25
0,note_on,21,A0,0.7874015748031497,0.12773437499998863,293.5
0,note_on,17,F0,0.7874015748031497,0.17415364583331439,293.75
0,note_on,23,B0,0.7874015748031497,0.14511718749997726,294
0,note_on,19,G0,0.7874015748031497,0.12773437499998863,294.25
0,note_on,23,B0,0.7874015748031497,0.17415364583331439,294.5
0,note_on,19,G0,0.7874015748031497,0.17415364583331439,294.75
0,note_on,23,B0,0.7874015748031497,0.17408854166666288,295
0,note_on,19,G0,0.7874015748031497,0.16835937500002274,295.25
0,note_on,23,B0,0.7874015748031497,0.17408854166666288,295.5
0,note_on,19,G0,0.7874015748031497,0.19153645833335986,295.75
0,note_on,21,A0,0.7874015748031497,0.15091145833332575,296
0,note_on,17,F0,0.7874015748031497,0.17415364583331439,296.25
0,note_on,21,A0,0.7874015748031497,0.15091145833332575,296.5
0,note_on,17,F0,0.7874015748031497,0.12773437499998863,296.75
0,note_on,21,A0,0.7874015748031497,0.25,297
0,note_on,17,F0,0.7874015748031497,0.17415364583331439,297.25
0,note_on,21,A0,0.7874015748031497,0.12773437499998863,297.5
0,note_on,17,F0,0.7874015748031497,0.17415364583331439,297.75
0,note_on,23,B0,0.7874015748031497,0.14511718749997726,298
0,note_on,19,G0,0.7874015748031497,0.12773437499998863,298.25
0,note_on,23,B0,0.7874015748031497,0.17415364583331439,298.5
0,note_on,19,G0,0.7874015748031497,0.17415364583331439,298.75
0,note_on,23,B0,0.7874015748031497,0.17408854166666288,299
0,note_on,19,G0,0.7874015748031497,0.16835937500002274,299.25
0,note_on,23,B0,0.7874015748031497,0.17408854166666288,299.5
0,note_on,19,G0,0.7874015748031497,0.19153645833335986,299.75
0,note_on,21,A0,0.7874015748031497,0.1631510416666515,300
0,note_on,19,G0,0.7874015748031497,0.1631510416666515,300.25
0,note_on,23,B0,0.7874015748031497,0.1631510416666515,300.5
0,note_on,17,F0,0.7874015748031497,0.1631510416666515,300.75
0,note_on,21,A0,0.7874015748031497,0.1631510416666515,301
0,note_on,19,G0,0.7874015748031497,0.1631510416666515,301.25
0,note_on,23,B0,0.7874015748031497,0.1631510416666515,301.5
0,note_on,17,F0,0.7874015748031497,0.1631510416666515,301.75
0,note_on,21,A0,0.7874015748031497,0.1631510416666515,302
0,note_on,19,G0,0.7874015748031497,0.1631510416666515,302.25
0,note_on,23,B0,0.7874015748031497,0.1631510416666515,302.5
0,note_on,17,F0,0.7874015748031497,0.1631510416666515,302.75
0,note_on,21,A0,0.7874015748031497,0.1631510416666515,303
0,note_on,19,G0,0.7874015748031497,0.1631510416666515,303.25
0,note_on,23,B0,0.7874015748031497,0.1631510416666515,303.5
0,note_on,17,F0,0.7874015748031497,0.1631510416666515,303.75
0,note_on,21,A0,0.7874015748031497,0.1631510416666515,304
0,note_on,19,G0,0.7874015748031497,0.1631510416666515,304.25
0,note_on,23,B0,0.7874015748031497,0.1631510416666515,304.5
0,note_on,17,F0,0.7874015748031497,0.1631510416666515,304.75
0,note_on,21,A0,0.7874015748031497,0.1631510416666515,305
0,note_on,19,G0,0.7874015748031497,0.1631510416666515,305.25
0,note_on,23,B0,0.7874015748031497,0.1631510416666515,305.5
0,note_on,17,F0,0.7874015748031497,0.1631510416666515,305.75
0,note_on,21,A0,0.7874015748031497,0.1631510416666515,306
0,note_on,19,G0,0.7874015748031497,0.1631510416666515,306.25
0,note_on,23,B0,0.7874015748031497,0.1631510416666515,306.5
0,note_on,17,F0,0.7874015748031497,0.1631510416666515,306.75
0,note_on,21,A0,0.7874015748031497,0.1631510416666515,307
0,note_on,19,G0,0.7874015748031497,0.1631510416666515,307.25
0,note_on,23,B0,0.7874015748031497,0.1631510416666515,307.5
0,note_on,17,F0,0.7874015748031497,0.1631510416666515,307.75
0,note_on,21,A0,0.7874015748031497,0.1631510416666515,308
0,note_on,19,G0,0.7874015748031497,0.1631510416666515,308.25
0,note_on,23,B0,0.7874015748031497,0.1631510416666515,308.5
0,note_on,17,F0,0.7874015748031497,0.1631510416666515,308.75
0,note_on,21,A0,0.7874015748031497,0.1631510416666515,309
0,note_on,19,G0,0.7874015748031497,0.1631510416666515,309.25
0,note_on,23,B0,0.7874015748031497,0.1631510416666515,309.5
0,note_on,17,F0,0.7874015748031497,0.1631510416666515,309.75
0,note_on,21,A0,0.7874015748031497,0.1631510416666515,310
0,note_on,19,G0,0.7874015748031497,0.1631510416666515,310.25
0,note_on,23,B0,0.7874015748031497,0.1631510416666515,310.5
0,note_on,17,F0,0.7874015748031497,0.1631510416666515,310.75
0,note_on,21,A0,0.7874015748031497,0.1631510416666515,311
0,note_on,19,G0,0.7874015748031497,0.1631510416666515,311.25
0,note_on,23,B0,0.7874015748031497,0.1631510416666515,311.5
0,note_on,17,F0,0.7874015748031497,0.1631510416666515,311.75
0,note_on,21,A0,0.7874015748031497,0.1631510416666515,312
0,note_on,19,G0,0.7874015748031497,0.1631510416666515,312.25
0,note_on,23,B0,0.7874015748031497,0.1631510416666515,312.5
0,note_on,17,F0,0.7874015748031497,0.1631510416666515,312.75
0,note_on,21,A0,0.7874015748031497,0.1631510416666515,313
0,note_on,19,G0,0.7874015748031497,0.1631510416666515,313.25
0,note_on,23,B0,0.7874015748031497,0.1631510416666515,313.5
0,note_on,17,F0,0.7874015748031497,0.1631510416666515,313.75
0,note_on,21,A0,0.7874015748031497,0.1631510416666515,314
0,note_on,19,G0,0.7874015748031497,0.1631510416666515,314.25
0,note_on,23,B0,0.7874015748031497,0.1631510416666515,314.5
0,note_on,17,F0,0.7874015748031497,0.1631510416666515,314.75
0,note_on,21,A0,0.7874015748031497,0.1631510416666515,315
0,note_on,19,G0,0.7874015748031497,0.1631510416666515,315.25
0,note_on,23,B0,0.7874015748031497,0.1631510416666515,315.5
0,note_on,17,F0,0.7874015748031497,0.1631510416666515,315.75
0,note_on,21,A0,0.7874015748031497,0.1631510416666515,316
0,note_on,19,G0,0.7874015748031497,0.1631510416666515,316.25
0,note_on,23,B0,0.7874015748031497,0.1631510416666515,316.5
0,note_on,17,F0,0.7874015748031497,0.1631510416666515,316.75
0,note_on,21,A0,0.7874015748031497,0.1631510416666515,317
0,note_on,19,G0,0.7874015748031497,0.1631510416666515,317.25
0,note_on,23,B0,0.7874015748031497,0.1631510416666515,317.5
0,note_on,17,F0,0.7874015748031497,0.1631510416666515,317.75
0,note_on,21,A0,0.7874015748031497,0.1631510416666515,318
0,note_on,19,G0,0.7874015748031497,0.1631510416666515,318.25
0,note_on,23,B0,0.7874015748031497,0.1631510416666515,318.5
0,note_on,17,F0,0.7874015748031497,0.1631510416666515,318.75
0,note_on,21,A0,0.7874015748031497,0.1631510416666515,319
0,note_on,19,G0,0.7874015748031497,0.1631510416666515,319.25
0,note_on,23,B0,0.7874015748031497,0.1631510416666515,319.5
0,note_on,17,F0,0.7874015748031497,0.1631510416666515,319.75
0,note_on,21,A0,0.7874015748031497,0.1631510416666515,320
0,note_on,19,G0,0.7874015748031497,0.1631510416666515,320.25
0,note_on,23,B0,0.7874015748031497,0.1631510416666515,320.5
0,note_on,17,F0,0.7874015748031497,0.1631510416666515,320.75
0,note_on,21,A0,0.7874015748031497,0.1631510416666515,321
0,note_on,19,G0,0.7874015748031497,0.1631510416666515,321.25
0,note_on,23,B0,0.7874015748031497,0.1631510416666515,321.5
0,note_on,17,F0,0.7874015748031497,0.1631510416666515,321.75
0,note_on,21,A0,0.7874015748031497,0.1631510416666515,322
0,note_on,19,G0,0.7874015748031497,0.1631510416666515,322.25
0,note_on,23,B0,0.7874015748031497,0.1631510416666515,322.5
0,note_on,17,F0,0.7874015748031497,0.1631510416666515,322.75
0,note_on,21,A0,0.7874015748031497,0.1631510416666515,323
0,note_on,19,G0,0.7874015748031497,0.1631510416666515,323.25
0,note_on,23,B0,0.7874015748031497,0.1631510416666515,323.5
0,note_on,17,F0,0.7874015748031497,0.1631510416666515,323.75
0,note_on,21,A0,0.7874015748031497,0.1631510416666515,324
0,note_on,19,G0,0.7874015748031497,0.1631510416666515,324.25
0,note_on,23,B0,0.7874015748031497,0.1631510416666515,324.5
0,note_on,17,F0,0.7874015748031497,0.1631510416666515,324.75
0,note_on,21,A0,0.7874015748031497,0.1631510416666515,325
0,note_on,19,G0,0.7874015748031497,0.1631510416666515,325.25
0,note_on,23,B0,0.7874015748031497,0.1631510416666515,325.5
0,note_on,17,F0,0.7874015748031497,0.1631510416666515,325.75
0,note_on,21,A0,0.7874015748031497,0.1631510416666515,326
0,note_on,19,G0,0.7874015748031497,0.1631510416666515,326.25
0,note_on,23,B0,0.7874015748031497,0.1631510416666515,326.5
0,note_on,17,F0,0.7874015748031497,0.1631510416666515,326.75
0,note_on,21,A0,0.7874015748031497,0.1631510416666515,327
0,note_on,19,G0,0.7874015748031497,0.1631510416666515,327.25
0,note_on,23,B0,0.7874015748031497,0.1631510416666515,327.5
0,note_on,17,F0,0.7874015748031497,0.1631510416666515,327.75
0,note_on,21,A0,0.7874015748031497,0.1631510416666515,328
0,note_on,19,G0,0.7874015748031497,0.1631510416666515,328.25
0,note_on,23,B0,0.7874015748031497,0.1631510416666515,328.5
0,note_on,17,F0,0.7874015748031497,0.1631510416666515,328.75
0,note_on,21,A0,0.7874015748031497,0.1631510416666515,329
0,note_on,19,G0,0.7874015748031497,0.1631510416666515,329.25
0,note_on,23,B0,0.7874015748031497,0.1631510416666515,329.5
0,note_on,17,F0,0.7874015748031497,0.1631510416666515,329.75
0,note_on,21,A0,0.7874015748031497,0.1631510416666515,330
0,note_on,19,G0,0.7874015748031497,0.1631510416666515,330.25
0,note_on,23,B0,0.7874015748031497,0.1631510416666515,330.5
0,note_on,17,F0,0.7874015748031497,0.1631510416666515,330.75
0,note_on,21,A0,0.7874015748031497,0.1631510416666515,331
0,note_on,19,G0,0.7874015748031497,0.1631510416666515,331.25
0,note_on,23,B0,0.7874015748031497,0.1631510416666515,331.5
0,note_on,17,F0,0.7874015748031497,0.1631510416666515,331.75
0,note_on,35,B1,0.7874015748031497,2,332
0,note_on,33,A1,0.7874015748031497,2,334
0,note_on,29,F1,0.7874015748031497,2,336
0,note_on,31,G1,0.7874015748031497,2.0317057291666742,338
0,note_on,35,B1,0.7874015748031497,2.07239583333336,340
0,note_on,33,A1,0.7874015748031497,2.008528645833337,342
0,note_on,29,F1,0.7874015748031497,2,344
0,note_on,31,G1,0.7874015748031497,1.9852864583333485,346
0,note_on,35,B1,0.7874015748031497,2.002669270833337,348
0,note_on,33,A1,0.7874015748031497,2.0491536458333144,350
0,note_on,29,F1,0.7874015748031497,2.054947916666663,352
0,note_on,31,G1,0.7874015748031497,2,354
0,note_on,33,A1,0.7874015748031497,2.0259114583333258,356
0,note_on,31,G1,0.7874015748031497,6,358
0,note_on,33,A1,0.7874015748031497,4,360
0,note_on,23,B0,0.7874015748031497,0.1524088541666515,364
0,note_on,17,F0,0.7874015748031497,0.18795572916667425,364.3333333333333
0,note_on,23,B0,0.7874015748031497,0.1270182291666515,364.6666666666667
0,note_on,19,G0,0.7874015748031497,0.14733072916664014,365
0,note_on,21,A0,0.7874015748031497,0.11178385416667425,365.3333333333333
0,note_on,19,G0,0.7874015748031497,0.1524088541666515,365.6666666666667
0,note_on,23,B0,0.7874015748031497,0.1524088541666515,366
0,note_on,17,F0,0.7874015748031497,0.18795572916667425,366.3333333333333
0,note_on,23,B0,0.7874015748031497,0.1270182291666515,366.6666666666667
0,note_on,19,G0,0.7874015748031497,0.14733072916664014,367
0,note_on,21,A0,0.7874015748031497,0.11178385416667425,367.3333333333333
0,note_on,19,G0,0.7874015748031497,0.1524088541666515,367.6666666666667
0,note_on,23,B0,0.7874015748031497,0.1524088541666515,368
0,note_on,17,F0,0.7874015748031497,0.18795572916667425,368.3333333333333
0,note_on,23,B0,0.7874015748031497,0.1270182291666515,368.6666666666667
0,note_on,19,G0,0.7874015748031497,0.14733072916664014,369
0,note_on,21,A0,0.7874015748031497,0.11178385416667425,369.3333333333333
0,note_on,19,G0,0.7874015748031497,0.1524088541666515,369.6666666666667
0,note_on,23,B0,0.7874015748031497,0.1524088541666515,370
0,note_on,17,F0,0.7874015748031497,0.18795572916667425,370.3333333333333
0,note_on,23,B0,0.7874015748031497,0.1270182291666515,370.6666666666667
0,note_on,19,G0,0.7874015748031497,0.14733072916664014,371
0,note_on,21,A0,0.7874015748031497,0.11178385416667425,371.3333333333333
0,note_on,19,G0,0.7874015748031497,0.1524088541666515,371.6666666666667
0,note_on,23,B0,0.7874015748031497,0.1524088541666515,372
0,note_on,17,F0,0.7874015748031497,0.18795572916667425,372.3333333333333
0,note_on,23,B0,0.7874015748031497,0.1270182291666515,372.6666666666667
0,note_on,19,G0,0.7874015748031497,0.14733072916664014,373
0,note_on,21,A0,0.7874015748031497,0.11178385416667425,373.3333333333333
0,note_on,19,G0,0.7874015748031497,0.1524088541666515,373.6666666666667
0,note_on,17,F0,0.7874015748031497,0.11686197916668561,373.9965494791667
0,note_on,19,G0,0.7874015748031497,0.11171875000002274,374.75
0,note_on,21,A0,0.7874015748031497,0.09654947916664014,375.25
0,note_on,23,B0,0.7874015748031497,0.1524088541666515,376
0,note_on,17,F0,0.7874015748031497,0.18795572916667425,376.3333333333333
0,note_on,23,B0,0.7874015748031497,0.1270182291666515,376.6666666666667
0,note_on,19,G0,0.7874015748031497,0.14733072916664014,377
0,note_on,21,A0,0.7874015748031497,0.11178385416667425,377.3333333333333
0,note_on,19,G0,0.7874015748031497,0.1524088541666515,377.6666666666667
0,note_on,23,B0,0.7874015748031497,0.1524088541666515,378
0,note_on,17,F0,0.7874015748031497,0.18795572916667425,378.3333333333333
0,note_on,23,B0,0.7874015748031497,0.1270182291666515,378.6666666666667
0,note_on,19,G0,0.7874015748031497,0.14733072916664014,379
0,note_on,21,A0,0.7874015748031497,0.11178385416667425,379.3333333333333
0,note_on,19,G0,0.7874015748031497,0.1524088541666515,379.6666666666667
0,note_on,23,B0,0.7874015748031497,0.20826822916666288,380
0,note_on,17,F0,0.7874015748031497,0.16757812499997726,380.75
0,note_on,21,A0,0.7874015748031497,0.16757812499997726,381.75
0,note_on,19,G0,0.7874015748031497,0.16764322916668561,382.5
0,note_on,23,B0,0.7874015748031497,0.11178385416667425,383
0,note_on,17,F0,0.7874015748031497,0.12708333333335986,383.25
0,note_on,21,A0,0.7874015748031497,0.09140624999997726,383.5
0,note_on,19,G0,0.7874015748031497,0.09654947916664014,383.75
0,note_on,23,B0,0.7874015748031497,0.1524088541666515,384
0,note_on,17,F0,0.7874015748031497,0.18795572916667425,384.3333333333333
0,note_on,23,B0,0.7874015748031497,0.1270182291666515,384.6666666666667
0,note_on,19,G0,0.7874015748031497,0.14733072916664014,385
0,note_on,21,A0,0.7874015748031497,0.11178385416667425,385.3333333333333
0,note_on,19,G0,0.7874015748031497,0.1524088541666515,385.6666666666667
0,note_on,23,B0,0.7874015748031497,0.1524088541666515,386
0,note_on,17,F0,0.7874015748031497,0.18795572916667425,386.3333333333333
0,note_on,23,B0,0.7874015748031497,0.1270182291666515,386.6666666666667
0,note_on,19,G0,0.7874015748031497,0.14733072916664014,387
0,note_on,21,A0,0.7874015748031497,0.11178385416667425,387.3333333333333
0,note_on,19,G0,0.7874015748031497,0.1524088541666515,387.6666666666667
0,note_on,23,B0,0.7874015748031497,0.1524088541666515,388
0,note_on,17,F0,0.7874015748031497,0.18795572916667425,388.3333333333333
0,note_on,23,B0,0.7874015748031497,0.1270182291666515,388.6666666666667
0,note_on,19,G0,0.7874015748031497,0.14733072916664014,389
0,note_on,21,A0,0.7874015748031497,0.11178385416667425,389.3333333333333
0,note_on,19,G0,0.7874015748031497,0.1524088541666515,389.6666666666667
0,note_on,23,B0,0.7874015748031497,0.1524088541666515,390
0,note_on,17,F0,0.7874015748031497,0.18795572916667425,390.3333333333333
0,note_on,23,B0,0.7874015748031497,0.1270182291666515,390.6666666666667
0,note_on,19,G0,0.7874015748031497,0.14733072916664014,391
0,note_on,21,A0,0.7874015748031497,0.11178385416667425,391.3333333333333
0,note_on,19,G0,0.7874015748031497,0.1524088541666515,391.6666666666667
0,note_on,23,B0,0.7874015748031497,0.1524088541666515,392
0,note_on,17,F0,0.7874015748031497,0.18795572916667425,392.3333333333333
0,note_on,23,B0,0.7874015748031497,0.1270182291666515,392.6666666666667
0,note_on,19,G0,0.7874015748031497,0.14733072916664014,393
0,note_on,21,A0,0.7874015748031497,0.11178385416667425,393.3333333333333
0,note_on,19,G0,0.7874015748031497,0.1524088541666515,393.6666666666667
0,note_on,23,B0,0.7874015748031497,0.1524088541666515,394
0,note_on,17,F0,0.7874015748031497,0.18795572916667425,394.3333333333333
0,note_on,23,B0,0.7874015748031497,0.1270182291666515,394.6666666666667
0,note_on,19,G0,0.7874015748031497,0.14733072916664014,395
0,note_on,21,A0,0.7874015748031497,0.11178385416667425,395.3333333333333
0,note_on,19,G0,0.7874015748031497,0.1524088541666515,395.6666666666667
0,note_on,17,F0,0.7874015748031497,9.019205729166686,395.9807942708333
0,note_on,23,B0,0.7874015748031497,9.007161458333314,395.9928385416667
0,note_on,21,A0,0.7874015748031497,0.1524088541666515,406
0,note_on,19,G0,0.7874015748031497,0.15234375,406.75
0,note_on,21,A0,0.7874015748031497,0.13209635416666288,407.5
0,note_on,23,B0,0.7874015748031497,0.1524088541666515,408
0,note_on,17,F0,0.7874015748031497,0.18795572916667425,408.3333333333333
0,note_on,23,B0,0.7874015748031497,0.1270182291666515,408.6666666666667
0,note_on,19,G0,0.7874015748031497,0.14733072916664014,409
0,note_on,21,A0,0.7874015748031497,0.11178385416667425,409.3333333333333
0,note_on,19,G0,0.7874015748031497,0.1524088541666515,409.6666666666667
0,note_on,23,B0,0.7874015748031497,0.1524088541666515,410
0,note_on,17,F0,0.7874015748031497,0.18795572916667425,410.3333333333333
0,note_on,23,B0,0.7874015748031497,0.1270182291666515,410.6666666666667
0,note_on,19,G0,0.7874015748031497,0.14733072916664014,411
0,note_on,21,A0,0.7874015748031497,0.11178385416667425,411.3333333333333
0,note_on,19,G0,0.7874015748031497,0.1524088541666515,411.6666666666667
0,note_on,23,B0,0.7874015748031497,0.14733072916664014,412
0,note_on,17,F0,0.7874015748031497,0.14733072916664014,412.75
0,note_on,21,A0,0.7874015748031497,0.14726562499998863,413.5
0,note_on,19,G0,0.7874015748031497,0.16764322916668561,414.25
0,note_on,23,B0,0.7874015748031497,0.07623697916665151,415
0,note_on,17,F0,0.7874015748031497,0.11171875000002274,415.25
0,note_on,21,A0,0.7874015748031497,0.09147135416668561,415.5
0,note_on,19,G0,0.7874015748031497,0.11178385416667425,415.75
0,note_on,23,B0,0.7874015748031497,0.1524088541666515,416
0,note_on,17,F0,0.7874015748031497,0.18795572916667425,416.3333333333333
0,note_on,23,B0,0.7874015748031497,0.1270182291666515,416.6666666666667
0,note_on,19,G0,0.7874015748031497,0.14733072916664014,417
0,note_on,21,A0,0.7874015748031497,0.11178385416667425,417.3333333333333
0,note_on,19,G0,0.7874015748031497,0.1524088541666515,417.6666666666667
0,note_on,23,B0,0.7874015748031497,0.1524088541666515,418
0,note_on,17,F0,0.7874015748031497,0.18795572916667425,418.3333333333333
0,note_on,23,B0,0.7874015748031497,0.1270182291666515,418.6666666666667
0,note_on,19,G0,0.7874015748031497,0.14733072916664014,419
0,note_on,21,A0,0.7874015748031497,0.11178385416667425,419.3333333333333
0,note_on,19,G0,0.7874015748031497,0.1524088541666515,419.6666666666667
0,note_on,23,B0,0.7874015748031497,0.1524088541666515,420
0,note_on,17,F0,0.7874015748031497,0.18795572916667425,420.3333333333333
0,note_on,23,B0,0.7874015748031497,0.1270182291666515,420.6666666666667
0,note_on,19,G0,0.7874015748031497,0.14733072916664014,421
0,note_on,21,A0,0.7874015748031497,0.11178385416667425,421.3333333333333
0,note_on,19,G0,0.7874015748031497,0.1524088541666515,421.6666666666667
0,note_on,23,B0,0.7874015748031497,0.1524088541666515,422
0,note_on,17,F0,0.7874015748031497,0.18795572916667425,422.3333333333333
0,note_on,23,B0,0.7874015748031497,0.1270182291666515,422.6666666666667
0,note_on,19,G0,0.7874015748031497,0.14733072916664014,423
0,note_on,21,A0,0.7874015748031497,0.11178385416667425,423.3333333333333
0,note_on,19,G0,0.7874015748031497,0.1524088541666515,423.6666666666667
0,note_on,23,B0,0.7874015748031497,0.1524088541666515,424
0,note_on,17,F0,0.7874015748031497,0.18795572916667425,424.3333333333333
0,note_on,23,B0,0.7874015748031497,0.1270182291666515,424.6666666666667
0,note_on,19,G0,0.7874015748031497,0.14733072916664014,425
0,note_on,21,A0,0.7874015748031497,0.11178385416667425,425.3333333333333
0,note_on,19,G0,0.7874015748031497,0.1524088541666515,425.6666666666667
0,note_on,23,B0,0.7874015748031497,0.1524088541666515,426
0,note_on,17,F0,0.7874015748031497,0.18795572916667425,426.3333333333333
0,note_on,23,B0,0.7874015748031497,0.1270182291666515,426.6666666666667
0,note_on,19,G0,0.7874015748031497,0.18287760416666288,427
0,note_on,21,A0,0.7874015748031497,0.14733072916664014,427